0
0.0157073
0.0471064
0.078459
0.109734
0.140901
0.171929
0.202787
0.233445
0.263873
0.29404
0.323917
0.353475
0.382683
0.411514
0.439939
0.46793
0.495459
0.522498
0.549022
0.575004
0.600419
0.625242
0.649446
0.673011
0.695911
0.718125
0.739629
0.760404
0.780428
0.799683
0.818147
0.835805
0.852638
0.86863
0.883763
0.898025
0.911401
0.923878
0.935442
0.946083
0.955791
0.964556
0.972368
0.979221
0.985107
0.990022
0.99396
0.996916
0.998888
0.999876
0.999505
0.998025
0.99556
0.992114
0.987687
0.982285
0.975915
0.968581
0.960292
0.951054
0.940878
0.929774
0.917752
0.904824
0.891004
0.876304
0.86074
0.844325
0.827078
0.809015
0.790153
0.770511
0.750109
0.728967
0.695911
0.673011
0.649446
0.625242
0.600419
0.575004
0.549022
0.522498
0.495459
0.46793
0.439939
0.411514
0.382683
0.353475
0.323917
0.29404
0.263873
0.233445
0.202787
0.171929
0.140901
0.109734
0.078459
0.0471064
0
